$ 1 0.000005 10.20027730826997 50 5 43 5e-11
t 240 80 240 192 0 1 0.5424550709009782 0.7065497948622218 100 default
34 fwdrop\q1.35 1 9.32e-11 0 2.2598487547872943 0 1
d 400 288 464 288 2 fwdrop\q1.35
w 176 80 176 128 0
r 176 160 176 240 0 5000
w 176 128 176 160 0
s 176 240 176 288 0 0 false
R 176 288 176 352 0 0 40 5 0 0 0.5
w 176 288 288 288 0
r 288 288 352 288 0 50
w 352 288 400 288 0
w 496 288 496 192 0
w 496 192 256 192 0
w 496 288 464 288 0
g 224 240 256 240 0 0
w 224 192 224 240 0
w 240 80 176 80 0
w 448 256 352 240 0
